 NOMBRE DE SAMPLES
          39
 6 alpha, gamma, delta, tetai, phii, tetao, phio
         1        0.000000      -26.454983       81.448496        0.000000      -52.685821      -10.000000       93.666578      149.825600        2.307692      100.000000       60.000000      185.000000
         2        0.000000      -27.012270       81.791386        0.000000      -50.163731      -10.000000       92.323222      149.705005        4.615385      100.000000       60.000000      185.000000
         3        0.000000      -27.549011       82.083202        0.000000      -47.611114      -10.000000       90.973537      149.638609        6.923077      100.000000       60.000000      185.000000
         4        0.000000      -28.064148       82.323740        0.000000      -45.028823      -10.000000       89.621191      149.626630        9.230769      100.000000       60.000000      185.000000
         5        0.000000      -28.556613       82.512826        0.000000      -42.417751      -10.000000       88.269881      149.669107       11.538462      100.000000       60.000000      185.000000
         6        0.000000      -29.025338       82.650322        0.000000      -39.778830      -10.000000       86.923293      149.765900       13.846154      100.000000       60.000000      185.000000
         7        0.000000      -29.469255       82.736123        0.000000      -37.113022      -10.000000       85.585063      149.916693       16.153846      100.000000       60.000000      185.000000
         8        0.000000      -29.887309       82.770166        0.000000      -34.421318      -10.000000       84.258744      150.120996       18.461538      100.000000       60.000000      185.000000
         9        0.000000      -30.278459       82.752423        0.000000      -31.704733      -10.000000       82.947773      150.378153       20.769231      100.000000       60.000000      185.000000
        10        0.000000      -30.641687       82.682910        0.000000      -28.964300      -10.000000       81.655434      150.687348       23.076923      100.000000       60.000000      185.000000
        11        0.000000      -30.976002       82.561678        0.000000      -26.201061      -10.000000       80.384839      151.047620       25.384615      100.000000       60.000000      185.000000
        12        0.000000      -31.280446       82.388818        0.000000      -23.416065      -10.000000       79.138903      151.457866       27.692308      100.000000       60.000000      185.000000
        13        0.000000      -31.554099       82.164459        0.000000      -20.610360      -10.000000       77.920324      151.916862       30.000000      100.000000       60.000000      185.000000
        14        0.000000      -31.796082       81.888764        0.000000      -17.784989      -10.000000       76.731577      152.423273       32.307692      100.000000       60.000000      185.000000
        15        0.000000      -32.005563       81.561928        0.000000      -14.940980      -10.000000       75.574900      152.975662       34.615385      100.000000       60.000000      185.000000
        16        0.000000      -32.181755       81.184176        0.000000      -12.079344      -10.000000       74.452295      153.572511       36.923077      100.000000       60.000000      185.000000
        17        0.000000      -32.323925       80.755758        0.000000       -9.201064      -10.000000       73.365530      154.212232       39.230769      100.000000       60.000000      185.000000
        18        0.000000      -32.431389       80.276946        0.000000       -6.307095      -10.000000       72.316144      154.893176       41.538462      100.000000       60.000000      185.000000
        19        0.000000      -32.503519       79.748029        0.000000       -3.398356      -10.000000       71.305452      155.613652       43.846154      100.000000       60.000000      185.000000
        20        0.000000      -32.539736       79.169305        0.000000       -0.475723      -10.000000       70.334562      156.371933       46.153846      100.000000       60.000000      185.000000
        21        0.000000      -32.539516       78.541080        0.000000        2.459974      -10.000000       69.404386      157.166269       48.461538      100.000000       60.000000      185.000000
        22        0.000000      -32.502383       77.863657        0.000000        5.407957      -10.000000       68.515655      157.994897       50.769231      100.000000       60.000000      185.000000
        23        0.000000      -32.427911       77.137331        0.000000        8.367504      -10.000000       67.668934      158.856050       53.076923      100.000000       60.000000      185.000000
        24        0.000000      -32.315718       76.362381        0.000000       11.337952      -10.000000       66.864642      159.747961       55.384615      100.000000       60.000000      185.000000
        25        0.000000      -32.165461       75.539062        0.000000       14.318706      -10.000000       66.103066      160.668873       57.692308      100.000000       60.000000      185.000000
        26        0.000000      -31.976834       74.667595        0.000000       17.309239      -10.000000       65.384378      161.617041       60.000000      100.000000       60.000000      185.000000
        27        0.000000      -31.749562       73.748157        0.000000       20.309097      -10.000000       64.708655      162.590741       62.307692      100.000000       60.000000      185.000000
        28        0.000000      -31.483391       72.780869        0.000000       23.317907      -10.000000       64.075888      163.588267       64.615385      100.000000       60.000000      185.000000
        29        0.000000      -31.178083       71.765784        0.000000       26.335376      -10.000000       63.486004      164.607940       66.923077      100.000000       60.000000      185.000000
        30        0.000000      -30.833409       70.702874        0.000000       29.361304      -10.000000       62.938872      165.648103       69.230769      100.000000       60.000000      185.000000
        31        0.000000      -30.449133       69.592011        0.000000       32.395583      -10.000000       62.434325      166.707128       71.538462      100.000000       60.000000      185.000000
        32        0.000000      -30.025005       68.432950        0.000000       35.438209      -10.000000       61.972162      167.783412       73.846154      100.000000       60.000000      185.000000
        33        0.000000      -29.560749       67.225308        0.000000       38.489287      -10.000000       61.552166      168.875379       76.153846      100.000000       60.000000      185.000000
        34        0.000000      -29.056041       65.968534        0.000000       41.549045      -10.000000       61.174110      169.981477       78.461538      100.000000       60.000000      185.000000
        35        0.000000      -28.510497       64.661883        0.000000       44.617845      -10.000000       60.837767      171.100179       80.769231      100.000000       60.000000      185.000000
        36        0.000000      -27.923650       63.304377        0.000000       47.696196      -10.000000       60.542914      172.229983       83.076923      100.000000       60.000000      185.000000
        37        0.000000      -27.294921       61.894757        0.000000       50.784779      -10.000000       60.289345      173.369403       85.384615      100.000000       60.000000      185.000000
        38        0.000000      -26.623591       60.431429        0.000000       53.884469      -10.000000       60.076869      174.516975       87.692308      100.000000       60.000000      185.000000
        39        0.000000      -25.908761       58.912391        0.000000       56.996370      -10.000000       59.905321      175.671250       90.000000      100.000000       60.000000      185.000000
